2
3
5
7
11
13
17
19
23
29
31
37
41
43
47
53
59
61
67
71
73
79
83
89
97
101
103
107
109
113
127
131
137
139
149
151
157
163
167
173
179
181
191
193
197
199
211
223
227
229
233
239
241
251
257
263
269
271
277
281
283
293
307
311
313
317
331
337
341
347
349
353
359
367
373
379
383
389
397
401
409
419
421
431
433
439
443
449
457
461
463
467
479
487
491
499
503
509
521
523
541
547
557
561
563
569
571
577
587
593
599
601
607
613
617
619
631
641
643
645
647
653
659
661
673
677
683
691
701
709
719
727
733
739
743
751
757
761
769
773
787
797
809
811
821
823
827
829
839
853
857
859
863
877
881
883
887
907
911
919
929
937
941
947
953
967
971
977
983
991
997
1009
1013
1019
1021
1031
1033
1039
1049
1051
1061
1063
1069
1087
1091
1093
1097
1103
1105
1109
1117
1123
1129
1151
1153
1163
1171
1181
1187
1193
1201
1213
1217
1223
1229
1231
1237
1249
1259
1277
1279
1283
1289
1291
1297
1301
1303
1307
1319
1321
1327
1361
1367
1373
1381
1387
1399
1409
1423
1427
1429
1433
1439
1447
1451
1453
1459
1471
1481
1483
1487
1489
1493
1499
1511
1523
1543
1549
1553
1559
1567
1571
1579
1583
1597
1601
1607
1609
1613
1619
1621
1627
1637
1657
1663
1667
1669
1693
1697
1699
1709
1721
1723
1729
1733
1741
1747
1753
1759
1777
1783
1787
1801
1811
1823
1831
1847
1861
1867
1871
1873
1877
1879
1889
1901
1905
1913
1931
1933
1949
1951
1973
1979
1987
1993
1997
1999
2011
2027
2039
2047
2053
2063
2069
2081
2083
2087
2089
2099
2111
2113
2129
2131
2137
2141
2143
2153
2161
2179
2203
2207
2213
2221
2237
2239
2243
2251
2267
2269
2273
2281
2287
2293
2297
2309
2311
2333
2339
2341
2347
2351
2357
2371
2377
2381
2383
2389
2393
2399
2411
2417
2423
2437
2441
2447
2459
2465
2467
2473
2477
2503
2521
2531
2539
2543
2551
2557
2579
2591
2593
2609
2617
2621
2633
2647
2657
2659
2663
2671
2677
2683
2687
2689
2693
2699
2701
2707
2711
2713
2719
2729
2731
2741
2749
2753
2767
2777
2789
2791
2797
2803
2819
2821
2833
2837
2843
2851
2857
2861
2879
2887
2897
2903
2909
2927
2939
2953
2957
2963
2969
2971
2999
3011
3019
3023
3037
3041
3079
3083
3089
3109
3119
3121
3137
3163
3167
3169
3181
3187
3191
3203
3209
3217
3221
3229
3251
3253
3257
3259
3271
3277
3299
3301
3307
3313
3329
3331
3343
3347
3359
3361
3371
3373
3389
3391
3407
3413
3433
3449
3457
3461
3463
3467
3469
3491
3499
3517
3527
3529
3533
3593
3607
3613
3617
3623
3631
3637
3659
3671
3673
3691
3719
3727
3733
3739
3779
3821
3847
3851
3853
3863
3881
3889
3907
3911
3917
3919
3931
3989
4033
4049
4051
4057
4099
4111
4127
4129
4133
4139
4153
4157
4159
4177
4201
4211
4217
4219
4229
4231
4241
4243
4253
4259
4261
4271
4273
4283
4289
4297
4327
4337
4339
4349
4357
4363
4369
4371
4373
4391
4397
4409
4421
4423
4441
4447
4451
4457
4463
4481
4483
4493
4507
4513
4517
4519
4523
4547
4549
4561
4583
4603
4621
4637
4639
4643
4649
4651
4657
4663
4673
4679
4681
4691
4703
4723
4733
4751
4759
4783
4787
4789
4801
4813
4817
4831
4871
4877
4889
4903
4909
4919
4931
4933
4937
4943
4957
4967
4969
4973
4993
4999
5003
5009
5021
5023
5039
5059
5087
5147
5153
5167
5171
5179
5189
5197
5209
5227
5231
5233
5261
5273
5279
5281
5297
5309
5323
5333
5347
5381
5387
5393
5399
5407
5413
5417
5419
5431
5437
5441
5443
5449
5461
5477
5479
5483
5507
5519
5527
5531
5569
5581
5639
5641
5647
5651
5653
5657
5659
5669
5683
5701
5711
5717
5741
5743
5783
5813
5821
5827
5839
5897
5903
5927
5953
6029
6151
6163
6173
6197
6199
6203
6211
6217
6221
6229
6247
6257
6269
6277
6287
6299
6301
6311
6317
6337
6343
6361
6373
6379
6421
6427
6449
6451
6469
6473
6481
6491
6529
6547
6551
6553
6571
6599
6601
6607
6637
6659
6661
6673
6679
6689
6691
6701
6703
6733
6763
6791
6793
6803
6827
6829
6917
6947
6949
6991
7069
7177
7187
7193
7207
7211
7213
7219
7229
7237
7243
7247
7253
7283
7297
7307
7309
7321
7369
7433
7451
7457
7559
7561
7681
7687
7691
7703
7759
7823
7883
7937
7957
8191
8209
8219
8221
8231
8233
8237
8243
8263
8269
8273
8287
8291
8293
8297
8311
8317
8321
8329
8353
8363
8369
8377
8387
8389
8419
8423
8429
8431
8447
8461
8467
8481
8501
8513
8521
8527
8537
8539
8543
8563
8581
8597
8599
8609
8623
8629
8641
8647
8669
8677
8681
8707
8713
8719
8731
8737
8741
8747
8753
8761
8779
8783
8803
8807
8837
8839
8849
8861
8863
8867
8893
8911
8963
8969
8971
8999
9001
9007
9013
9029
9043
9091
9103
9157
9161
9221
9227
9239
9241
9257
9277
9281
9283
9293
9311
9319
9323
9337
9341
9349
9371
9377
9391
9413
9419
9421
9473
9479
9491
9497
9511
9521
9539
9547
9551
9601
9613
9631
9643
9677
9733
9739
9743
9749
9767
9769
9787
9803
9817
9839
9857
9859
9871
9901
9923
9931
10007
10243
10247
10253
10259
10261
10267
10271
10273
10289
10301
10303
10313
10321
10331
10333
10337
10343
10357
10369
10391
10399
10433
10463
10477
10499
10501
10513
10529
10531
10559
10567
10585
10597
10601
10607
10627
10631
10639
10651
10667
10691
10753
10771
10781
10789
10799
10831
10837
10883
10889
10891
10903
10909
11119
11149
11273
11279
11287
11299
11305
11311
11329
11393
11399
11467
11527
11587
11593
11597
11777
11779
11783
11789
11821
11909
11923
12289
12301
12323
12329
12343
12347
12373
12377
12379
12391
12421
12433
12437
12451
12457
12487
12491
12547
12553
12569
12577
12583
12589
12611
12613
12619
12713
12721
12801
12809
12821
12823
12829
12841
12941
13001
13063
13121
13313
13327
13331
13337
13339
13381
13441
13451
13577
13633
13711
13741
13829
13831
13841
13859
13901
13981
14341
14347
14369
14387
14401
14407
14411
14419
14423
14479
14491
14537
14593
14627
14629
14633
14851
14867
14983
15361
15373
15497
15697
15709
15877
15881
16411
16417
16421
16427
16433
16447
16451
16453
16477
16481
16487
16493
16519
16529
16547
16553
16561
16567
16573
16603
16607
16619
16649
16651
16657
16661
16673
16691
16693
16699
16703
16705
16729
16741
16747
16787
16811
16843
16871
16901
16903
16921
16927
16931
16937
16943
16963
16979
16987
16993
17027
17029
17033
17041
17047
17053
17093
17099
17159
17167
17183
17189
17191
17231
17291
17293
17417
17419
17431
17443
17449
17467
17471
17477
17483
17489
17491
17509
17519
17539
17551
17569
17573
17579
17581
17609
17669
17681
17683
17707
17729
17737
17807
17863
17921
17923
17929
17939
17957
17959
17987
17989
18049
18059
18061
18119
18181
18191
18199
18433
18439
18443
18451
18457
18461
18481
18493
18503
18517
18521
18523
18539
18541
18583
18587
18593
18637
18691
18701
18705
18713
18719
18721
18731
18757
18859
18947
18959
18973
18979
19001
19009
19013
19073
19079
19081
19087
19207
19211
19213
19267
19457
19463
19469
19471
19477
19483
19489
19501
19531
19597
19717
19727
19973
19979
20011
20047
20297
20483
20507
20509
20521
20533
20543
20549
20551
20563
20611
20627
20639
20641
20681
20719
20743
20747
20749
20753
20759
20771
20773
20807
20809
20873
20879
20899
21001
21011
21013
21017
21019
21023
21031
21059
21061
21067
21121
21139
21149
21517
21521
21523
21529
21563
21569
21577
21647
21661
21767
21773
22027
22031
22531
22541
22543
22567
22571
22573
22619
22639
22807
23041
23311
23557
23561
23567
24593
24611
24623
24631
24659
24677
24683
24709
24733
24749
24781
24841
24847
24851
24859
24877
24907
24967
24971
25097
25117
25121
25127
25163
25219
25229
25349
25357
25411
25601
25603
25609
25621
25633
25639
25643
25673
25679
25733
25741
25867
26113
26119
26249
26627
26633
26641
26647
26669
26693
26699
26701
26759
26881
26891
26893
26953
27143
27653
28687
28697
28711
28751
28807
28813
28933
29191
29761
30121
30727
30763
32771
32779
32783
32789
32797
32801
32803
32831
32833
32839
32843
32869
32909
32911
32917
32933
32939
32941
32957
32969
32971
32983
32993
33029
33037
33049
33053
33071
33091
33113
33119
33153
33161
33191
33199
33287
33289
33301
33311
33317
33331
33343
33347
33349
33353
33359
33377
33391
33409
33413
33479
33487
33547
33563
33569
33577
33581
33613
33679
33797
33809
33811
33827
33829
33857
33863
33871
33889
33923
33931
33941
33967
34057
34061
34123
34127
34183
34313
34319
34327
34351
34369
34381
34439
34603
34819
34841
34843
34847
34849
34883
34897
34913
34919
34945
34949
34981
35023
35081
35083
35107
35111
35117
35141
35149
35201
35333
35339
35353
35407
35491
35593
35597
35851
35879
35911
35969
35977
35983
36011
36097
36107
36353
36871
36877
36887
36899
36901
36929
36931
36943
36973
36997
37003
37019
37039
37057
37123
37189
37199
37253
37379
37409
37423
37447
37517
37643
37889
37897
37957
37963
37967
38149
38153
38273
38917
38921
38923
38953
38959
39043
39047
39367
39439
39937
40961
40973
40993
41011
41023
41039
41041
41047
41113
41117
41131
41161
41221
41227
41231
41263
41357
41479
41507
41513
41539
41549
41609
41611
41665
41729
41737
41999
42019
42061
42509
42799
43013
43019
43271
45061
45077
45191
45197
45319
47119
49157
49169
49171
49177
49193
49199
49201
49211
49223
49261
49409
49411
49417
49429
49477
49481
49549
49667
49669
49741
49921
49927
49981
50177
50207
50221
50311
51203
51217
51229
51239
51481
51719
53269
53323
53773
55245
57347
57349
57373
57421
57859
58369
59393
59399
60787
65537
65539
65543
65551
65557
65563
65579
65581
65587
65599
65609
65617
65629
65633
65647
65651
65657
65677
65687
65699
65701
65707
65713
65717
65719
65729
65731
65777
65789
65809
65827
65831
65837
65839
65843
65851
65867
65881
65899
65921
65927
65929
65951
65981
65983
65993
66067
66071
66083
66089
66103
66107
66109
66137
66179
66191
66359
66377
66457
66569
66571
66587
66593
66601
66617
66629
66643
66653
66697
66701
66713
66721
66749
66821
66841
66947
66959
67073
67079
67103
67153
67211
67213
67349
67589
67601
67607
67619
67631
67651
67679
67723
67733
67741
67763
67843
67853
67867
67891
68099
68101
68111
68113
68161
68171
68239
68611
68633
68639
68659
68737
68891
68947
69151
69653
69661
69677
69691
69697
69709
69737
69761
69763
69767
69779
69829
69833
69847
69899
69911
69941
70039
70051
70157
70163
70229
70237
70657
70663
70667
70687
70717
70729
71693
71699
71707
71711
71719
71761
72719
72885
73751
73757
73771
73783
73819
73823
73847
73859
73867
73877
73883
73907
73999
74027
74257
74279
74323
74383
74759
74761
74771
74779
74821
74831
75269
75781
75787
75793
75797
75833
75853
75869
75913
75931
76289
76801
77839
77849
77899
78163
78877
80581
81929
81931
81937
81943
81953
81967
81971
81973
82003
82007
82009
82013
82039
82051
82067
82073
82183
82189
82193
82207
82219
82237
82457
82463
82561
82591
82963
83071
83219
83221
83227
83459
83969
83983
83987
84017
84181
84239
84503
85009
86017
86027
86029
86113
86171
87071
88069
90121
90127
90191
90199
90203
90247
90631
90641
91141
92177
92179
92737
98317
98321
98323
98327
98347
98369
98377
98387
98389
98407
98429
98443
98453
98459
98561
98563
98573
98621
98837
98869
98893
99079
99089
99347
99349
99409
99487
99871
100357
100361
100363
100379
100609
101383
102407
102409
102533
102547
104459
104479
106501
106541
106543
106591
106627
106681
106783
110597
111121
114689
114691
114713
114743
114781
115727
115921
121369
122921
126217
131071
131101
131111
131113
131129
131143
131149
131171
131203
131213
131221
131231
131249
131251
131267
131293
131357
131363
131371
131381
131413
131437
131441
131449
131477
131479
131591
131611
131617
131627
131639
131641
131671
131711
131713
131731
131743
131849
131861
132103
132109
132113
132137
132151
132157
132169
132173
132229
132233
132241
132247
132263
132283
132361
132367
132371
132383
132611
132619
132623
132631
132637
132667
132697
133121
133153
133157
133169
133183
133187
133201
133213
133253
133261
133271
133277
133279
133379
133387
133391
133403
133417
133633
133649
133657
133919
134153
134161
134171
134401
135173
135181
135193
135197
135209
135211
135221
135241
135257
135301
135319
135329
135349
135427
135431
135433
135449
135479
135697
135701
136193
136207
136217
136223
136327
136453
137219
137239
139267
139273
139291
139297
139301
139303
139309
139313
139333
139339
139343
139393
139397
139409
139423
139483
139537
139547
139661
139787
139801
139861
139907
139921
140297
140317
141319
141353
141461
143387
143509
145433
147457
147481
147487
147503
147517
147541
147547
147551
147583
147607
147613
147671
147727
147739
147743
147977
147997
148483
148501
148747
148997
149281
149519
149521
149531
149533
149561
149579
150533
151553
151561
151573
151579
151603
152077
155653
155657
155663
155671
155719
158369
162193
163841
163847
163853
163859
163861
163871
163883
163901
163909
163927
163973
163979
163981
163987
163991
163993
163997
164113
164117
164357
164363
164371
164377
164617
164737
164881
164893
165901
167953
172049
172069
172081
176149
178481
180233
180239
180241
180247
188461
196613
196643
196657
196661
196663
196681
196687
196699
196739
196751
196871
196873
196879
197123
197137
197147
197641
197647
197651
198659
198673
200713
200723
200731
201247
204803
204821
205319
208927
212999
213019
213023
213131
215265
220729
221197
221209
224771
229393
229399
229403
245789
262147
262151
262153
262187
262193
262217
262231
262237
262253
262261
262271
262303
262313
262321
262331
262337
262349
262351
262411
262433
262459
262469
262489
262541
262543
262553
262657
262681
262697
262709
262723
262733
262739
262741
262747
262807
262937
263171
263183
263191
263201
263209
263213
263227
263239
263257
263303
263323
263429
263437
263443
264211
264221
264263
264269
264283
264323
264331
264343
264349
264463
264731
265231
265241
265247
265249
265747
266261
266269
266281
266291
266293
266297
266305
266333
266369
266381
266521
266549
266759
266767
267271
267277
267791
268291
268297
268573
270337
270343
270371
270379
270407
270421
270463
270493
270593
270601
270619
270859
271363
271367
272399
272407
272411
274177
274441
274451
274453
274457
278543
278545
278549
278557
278561
278563
278581
278591
278609
278611
278617
278623
278671
278687
278801
278807
278809
278813
278879
279047
279553
279557
279571
279577
279583
280583
280589
280591
280597
280601
280603
280607
285541
286721
286733
286751
294919
294923
294947
294949
294953
294979
294989
294991
294997
295007
295049
295187
295199
295429
295433
295439
295441
295937
295943
295949
295951
295961
296479
296969
296971
296981
296983
296987
297049
299011
299017
299027
303119
303139
303371
311299
311303
311323
318361
319489
327689
327707
327721
327737
327739
327757
327809
327823
327827
327829
327839
327941
327953
327967
328213
328709
329233
329729
329773
331777
331781
331801
335879
335893
335897
344083
348161
360457
360461
367081
393241
393247
393257
393271
393287
393299
393301
393311
393361
393373
393473
393479
393487
393739
393749
393863
394241
394249
394259
394271
395273
395293
397337
398339
401411
401417
409609
425989
426011
458897
464185
524287
524309
524341
524347
524351
524353
524369
524387
524389
524411
524413
524429
524453
524497
524507
524509
524591
524593
524599
524633
524681
524701
524801
524803
524827
524831
524857
524863
524869
524873
524893
524933
524939
524941
524947
524957
524959
525313
525353
525361
525373
525377
525379
525391
525397
525457
525461
525467
525571
525583
525593
525839
526367
526373
526381
526387
526391
526397
526423
526429
526593
526601
526619
526853
526859
526871
527377
527381
528391
528401
528403
528413
528433
528469
528527
528667
528911
529411
529421
529423
530443
530447
532489
532501
532531
532537
532547
532561
532603
532621
532639
532739
532751
532757
532993
532999
533003
533009
533011
533509
534529
534553
536593
540677
540679
540689
540691
540697
540703
540713
540751
540803
540823
541193
541201
541699
541711
541721
541727
542723
542747
544771
544781
544793
548869
557057
557059
557069
557087
557093
557121
557197
557321
557329
557573
557591
558083
558091
558109
559133
561161
561173
561181
565259
565261
565273
573451
573457
582289
589829
589847
589859
589861
589873
589877
589903
590099
590357
590363
591881
591887
591893
591901
593933
593951
606223
617093
622603
622607
622613
622619
625921
649657
655373
655379
655387
655399
655453
655489
655507
655511
655637
655643
656389
657431
657439
659467
659473
663557
663563
663571
663581
663583
671753
688133
688147
688159
688213
720899
720901
720913
786433
786449
786469
786491
786587
786589
786691
786697
786701
786703
786719
786949
786971
787469
787483
788497
790529
790547
794641
794653
802831
838201
851971
852841
917519
974849
1048583
1048589
1048601
1048609
1048613
1048627
1048633
1048661
1048703
1048709
1048717
1048721
1048793
1048837
1048847
1048889
1048919
1048991
1049089
1049093
1049101
1049117
1049173
1049227
1049239
1049603
1049611
1049623
1049677
1049681
1049683
1049687
1049747
1050139
1050631
1050773
1050887
1050899
1051139
1051147
1051151
1051153
1051157
1051649
1052693
1052767
1052801
1052803
1052813
1052819
1052929
1053697
1053727
1054721
1056773
1056779
1056793
1056823
1056829
1056863
1057033
1057037
1057291
1057307
1057807
1058821
1060867
1064977
1064989
1065011
1065013
1065017
1065019
1065037
1065041
1065217
1065479
1067009
1073183
1081351
1081361
1081369
1081429
1082369
1082377
1082381
1082401
1085443
1089551
1089563
1114117
1114261
1114651
1116163
1116187
1145257
1179649
1179677
1179779
1179793
1179797
1179907
1180691
1180693
1183753
1183769
1183771
1187863
1187867
1212427
1212437
1212443
1245187
1310723
1310741
1310759
1310779
1310807
1310851
1310987
1310993
1310999
1311001
1311251
1311749
1311773
1312789
1318931
1318943
1376257
1398101
1549411
1572869
1572871
1572887
1573141
1573907
1576973
1638431
1703963
1837381
2096113
2097169
2097211
2097223
2097229
2097287
2097289
2097311
2097421
2097427
2097481
2097503
2097539
2097671
2097673
2097679
2097727
2098183
2098193
2099203
2099213
2099219
2099221
2099359
2099477
2100253
2101249
2101259
2101261
2101277
2101313
2102291
2103301
2105347
2105357
2105359
2105431
2105611
2113567
2113583
2113603
2113609
2113665
2114059
2117663
2121739
2121751
2129951
2129977
2130013
2130061
2130461
2131991
2146307
2162717
2162821
2162971
2228243
2228741
2229277
2232323
2244623
2244631
2304167
2359303
2359307
2359319
2361367
2363401
2424833
2621447
2621459
2621467
2629643
2629661
2752513
3048841
3145739
3145741
3146261
3147779
3162143
3276821
3407891
3413533
3670027
3726541
4194319
4194329
4194353
4194371
4194389
4194397
4194433
4194439
4194451
4194581
4194583
4194637
4194823
4194847
4195349
4195357
4195421
4195589
4195859
4195861
4196363
4196369
4196371
4198409
4198429
4198549
4200451
4202501
4202521
4206611
4210693
4210709
4210721
4227077
4227089
4227103
4227109
4228111
4259863
4263937
4325389
4325393
4325401
4326401
4456451
4456453
4457473
4464661
4718617
4718621
4718653
4734979
5242883
5242891
5242903
5242907
5242969
5243419
6140161
6242685
6291469
6291487
6291991
6357011
6422579
6700417
6973057
8388607
8388617
8388619
8388623
8388637
8388673
8388683
8388691
8388697
8388739
8388761
8388763
8388881
8389123
8389141
8389651
8389657
8390663
8390671
8390687
8392721
8393741
8396807
8396809
8396813
8396819
8404993
8404997
8405003
8405263
8421403
8421407
8421463
8454197
8454211
8454239
8454403
8519681
8519711
8521739
8650753
8650777
8727391
8912921
8912927
9437189
9437191
9437203
9588151
10485767
10485773
10485779
10486033
12582917
12582919
12582929
13554781
13631489
16777259
16777289
16777291
16777499
16777729
16777751
16779283
16779293
16779523
16781327
16785413
16785421
16785427
16809997
16810007
16842757
16842781
16843009
16908293
17039381
17301517
17301521
17301527
17825803
17895697
18151861
18468901
18874379
18874399
20971529
20971537
22369621
25165843
25165853
26017793
33554467
33554473
33554501
33554503
33554509
33554519
33554527
33554579
33554581
33554693
33554699
33554951
33554959
33554971
33555461
33555469
33555481
33556483
33556493
33556499
33556507
33562643
33562651
33570833
33587209
33587219
33619973
33619979
33619981
33685507
33685513
33685529
33816583
34603013
34603033
34603039
34603041
35651593
37748743
37748747
41943049
41943061
41943067
42009217
45592577
50331653
63766529
67108879
67108913
67108919
67108933
67108957
67109023
67109123
67109131
67109407
67110929
67110931
67110943
67112971
67112987
67117073
67117079
67125263
67125269
67141637
67141651
67141661
67174409
67174417
67174423
67239937
67239967
67371013
67371037
67633171
68157461
69206017
69206023
69206041
70463489
71303171
71303189
71303191
75497479
75497483
75497489
75497491
75497497
82506439
83886091
83886097
89961421
109118791
